1 47.59375 -123.59375
2 47.59375 -123.53125
3 47.53125 -123.65625
4 47.53125 -123.59375
5 47.53125 -123.53125
6 47.53125 -123.46875
7 47.46875 -123.71875
8 47.46875 -123.65625
9 47.46875 -123.59375
10 47.46875 -123.53125
11 47.46875 -123.46875
12 47.46875 -123.40625
13 47.46875 -123.34375
14 47.40625 -123.71875
15 47.40625 -123.65625
16 47.40625 -123.59375
17 47.40625 -123.53125
18 47.40625 -123.46875
19 47.40625 -123.40625
20 47.40625 -123.34375
21 47.40625 -123.28125
22 47.34375 -123.78125
23 47.34375 -123.71875
24 47.34375 -123.65625
25 47.34375 -123.59375
26 47.34375 -123.53125
27 47.34375 -123.46875
28 47.34375 -123.40625
29 47.34375 -123.34375
30 47.34375 -123.28125
31 47.28125 -123.84375
32 47.28125 -123.78125
33 47.28125 -123.71875
34 47.28125 -123.65625
35 47.28125 -123.59375
36 47.28125 -123.53125
37 47.28125 -123.46875
38 47.28125 -123.40625
39 47.28125 -123.34375
40 47.28125 -123.28125
41 47.28125 -123.21875
42 47.21875 -123.90625
43 47.21875 -123.84375
44 47.21875 -123.78125
45 47.21875 -123.71875
46 47.21875 -123.65625
47 47.21875 -123.59375
48 47.21875 -123.53125
49 47.21875 -123.46875
50 47.21875 -123.40625
51 47.21875 -123.34375
52 47.21875 -123.28125
53 47.21875 -123.21875
54 47.15625 -123.84375
55 47.15625 -123.78125
56 47.15625 -123.71875
57 47.15625 -123.65625
58 47.15625 -123.59375
59 47.15625 -123.53125
60 47.15625 -123.46875
61 47.15625 -123.40625
62 47.15625 -123.34375
63 47.15625 -123.28125
64 47.15625 -123.21875
65 47.15625 -123.15625
66 47.09375 -123.84375
67 47.09375 -123.78125
68 47.09375 -123.71875
69 47.09375 -123.65625
70 47.09375 -123.59375
71 47.09375 -123.53125
72 47.09375 -123.46875
73 47.09375 -123.40625
74 47.09375 -123.34375
75 47.09375 -123.28125
76 47.09375 -123.21875
77 47.09375 -123.15625
78 47.03125 -123.90625
79 47.03125 -123.84375
80 47.03125 -123.78125
81 47.03125 -123.71875
82 47.03125 -123.65625
83 47.03125 -123.59375
84 47.03125 -123.53125
85 47.03125 -123.46875
86 47.03125 -123.40625
87 47.03125 -123.34375
88 47.03125 -123.28125
89 47.03125 -123.21875
90 47.03125 -123.15625
91 47.03125 -123.09375
92 47.03125 -123.03125
93 47.03125 -122.96875
94 46.96875 -123.71875
95 46.96875 -123.65625
96 46.96875 -123.59375
97 46.96875 -123.53125
98 46.96875 -123.46875
99 46.96875 -123.40625
100 46.96875 -123.34375
101 46.96875 -123.28125
102 46.96875 -123.21875
103 46.96875 -123.15625
104 46.96875 -123.09375
105 46.96875 -123.03125
106 46.96875 -122.96875
107 46.96875 -122.90625
108 46.96875 -122.84375
109 46.96875 -122.78125
110 46.90625 -123.71875
111 46.90625 -123.65625
112 46.90625 -123.59375
113 46.90625 -123.53125
114 46.90625 -123.46875
115 46.90625 -123.40625
116 46.90625 -123.34375
117 46.90625 -123.28125
118 46.90625 -123.21875
119 46.90625 -123.15625
120 46.90625 -123.09375
121 46.90625 -123.03125
122 46.90625 -122.96875
123 46.90625 -122.90625
124 46.90625 -122.84375
125 46.90625 -122.78125
126 46.90625 -122.71875
127 46.84375 -123.46875
128 46.84375 -123.40625
129 46.84375 -123.34375
130 46.84375 -123.28125
131 46.84375 -123.21875
132 46.84375 -123.15625
133 46.84375 -123.09375
134 46.84375 -123.03125
135 46.84375 -122.96875
136 46.84375 -122.90625
137 46.84375 -122.84375
138 46.84375 -122.78125
139 46.84375 -122.71875
140 46.84375 -122.65625
141 46.84375 -122.59375
142 46.84375 -122.53125
143 46.78125 -123.46875
144 46.78125 -123.40625
145 46.78125 -123.34375
146 46.78125 -123.28125
147 46.78125 -123.21875
148 46.78125 -123.15625
149 46.78125 -123.09375
150 46.78125 -123.03125
151 46.78125 -122.96875
152 46.78125 -122.90625
153 46.78125 -122.84375
154 46.78125 -122.78125
155 46.78125 -122.71875
156 46.78125 -122.65625
157 46.78125 -122.59375
158 46.78125 -122.53125
159 46.78125 -122.46875
160 46.78125 -122.40625
161 46.71875 -123.53125
162 46.71875 -123.46875
163 46.71875 -123.40625
164 46.71875 -123.34375
165 46.71875 -123.28125
166 46.71875 -123.21875
167 46.71875 -123.15625
168 46.71875 -123.09375
169 46.71875 -123.03125
170 46.71875 -122.96875
171 46.71875 -122.90625
172 46.71875 -122.84375
173 46.71875 -122.78125
174 46.71875 -122.71875
175 46.71875 -122.65625
176 46.71875 -122.59375
177 46.71875 -122.53125
178 46.71875 -122.46875
179 46.71875 -122.40625
180 46.71875 -122.34375
181 46.65625 -123.59375
182 46.65625 -123.53125
183 46.65625 -123.46875
184 46.65625 -123.40625
185 46.65625 -123.34375
186 46.65625 -123.28125
187 46.65625 -123.21875
188 46.65625 -123.15625
189 46.65625 -123.09375
190 46.65625 -123.03125
191 46.65625 -122.96875
192 46.65625 -122.90625
193 46.65625 -122.84375
194 46.65625 -122.78125
195 46.65625 -122.71875
196 46.65625 -122.65625
197 46.65625 -122.59375
198 46.65625 -122.53125
199 46.65625 -122.46875
200 46.65625 -122.40625
201 46.59375 -123.53125
202 46.59375 -123.46875
203 46.59375 -123.40625
204 46.59375 -123.34375
205 46.59375 -123.28125
206 46.59375 -123.21875
207 46.59375 -123.15625
208 46.59375 -123.09375
209 46.59375 -123.03125
210 46.59375 -122.96875
211 46.59375 -122.90625
212 46.59375 -122.84375
213 46.59375 -122.78125
214 46.59375 -122.71875
215 46.59375 -122.65625
216 46.59375 -122.59375
217 46.59375 -122.53125
218 46.59375 -122.46875
219 46.53125 -123.46875
220 46.53125 -123.40625
221 46.53125 -123.34375
222 46.53125 -123.28125
223 46.53125 -123.21875
224 46.53125 -123.15625
225 46.53125 -123.09375
226 46.53125 -123.03125
227 46.53125 -122.96875
228 46.53125 -122.90625
229 46.53125 -122.84375
230 46.53125 -122.78125
231 46.53125 -122.71875
232 46.53125 -122.65625
233 46.53125 -122.59375
234 46.46875 -123.46875
235 46.46875 -123.40625
236 46.46875 -123.34375
237 46.46875 -123.28125
238 46.46875 -123.21875
239 46.46875 -123.15625
240 46.46875 -123.09375
241 46.46875 -123.03125
242 46.46875 -122.96875
243 46.40625 -123.40625
244 46.40625 -123.34375
245 46.40625 -123.28125
246 46.40625 -123.21875
247 46.40625 -123.15625
248 46.40625 -123.09375
249 46.40625 -123.03125
250 46.34375 -123.34375
251 46.34375 -123.28125
252 46.34375 -123.21875
253 46.34375 -123.15625
254 46.34375 -123.09375
255 46.34375 -123.03125
256 46.28125 -123.21875
257 46.28125 -123.15625
